9.999999999999998890e-01 6.291356384530938373e-01 1.293343713506363568e-01 5.755666551683497056e-01 3.285866508765177274e-01 4.411649830658931903e-01 3.957346091313111436e-01 3.789764337515873494e-01 2.023147001094385833e-01 5.415390748137847154e-01 2.960328883352302820e-01 3.681433933996868246e-01 3.628338809298399803e-01 1.706277398439871029e-01 3.836367721200735770e-01 4.320520819761952680e-01 3.496799345032189366e-01 3.312452987387383696e-01 4.713710680523981456e-01
6.291356384530938373e-01 1.000000000000000000e+00 2.681201315607028013e-01 6.594103872077620165e-01 5.035445758092027546e-01 5.847208071218924497e-01 5.442447524712001883e-01 6.417017104778898196e-01 3.687650920546932665e-01 6.776949959247184907e-01 4.554103095856820715e-01 5.603763310891448635e-01 4.643238962108270362e-01 3.041455709113665140e-01 5.449533797452315032e-01 5.298035147993022109e-01 4.480845249734167202e-01 5.164710581571019254e-01 6.112355139346071775e-01
1.293343713506363568e-01 2.681201315607028013e-01 1.000000000000000000e+00 2.894203875564267392e-01 2.048218145134200474e-01 1.417820662905357465e-01 2.415835355061289047e-01 2.892631649324614029e-01 7.466410997457324783e-02 1.941779217664096613e-01 2.449556944137371850e-01 2.357722142922507591e-01 1.639726031595492017e-01 1.144849296356943852e-01 1.501937432854677512e-01 1.724980356047369212e-01 1.203982296042287320e-01 2.663972679185725445e-01 2.189087081520668943e-01
5.755666551683497056e-01 6.594103872077620165e-01 2.894203875564267392e-01 1.000000000000000222e+00 2.816872871284697988e-01 3.345837643940015038e-01 3.300377794654245078e-01 4.538020601095305584e-01 1.476231182156376720e-01 5.072700605535149787e-01 3.009955334938526628e-01 3.728293930898741726e-01 3.256268836960830582e-01 2.048478272226165187e-01 3.781949710759201499e-01 3.875334776538089110e-01 2.369043023099648981e-01 3.600048310160974263e-01 4.653042657006478122e-01
3.285866508765177274e-01 5.035445758092027546e-01 2.048218145134200474e-01 2.816872871284697988e-01 1.000000000000000222e+00 3.241620045027801544e-01 5.381833643093647535e-01 3.780493846185699058e-01 1.848623087944551158e-01 3.829182514627350598e-01 4.237371461181432819e-01 4.298030053075982959e-01 3.465269041333690070e-01 2.523466967710117359e-01 3.048971545120515714e-01 2.890123061959271600e-01 3.051506388635861766e-01 4.604580592206000134e-01 4.534956096396545178e-01
4.411649830658931903e-01 5.847208071218924497e-01 1.417820662905357465e-01 3.345837643940015038e-01 3.241620045027801544e-01 9.999999999999998890e-01 3.474005569942755778e-01 3.756226619826704138e-01 2.636443168008865690e-01 5.923880950208693097e-01 2.809112023637724831e-01 3.326662387959531397e-01 2.656648621699805313e-01 1.368032578062529925e-01 4.634036263568270253e-01 5.453286818105955724e-01 3.102282447812935162e-01 3.279086468050809167e-01 4.430929520316631010e-01
3.957346091313111436e-01 5.442447524712001883e-01 2.415835355061289047e-01 3.300377794654245078e-01 5.381833643093647535e-01 3.474005569942755778e-01 1.000000000000000000e+00 4.159492299982197050e-01 2.439498151791918146e-01 5.223889585158444371e-01 4.968659071072163980e-01 5.474485774032148422e-01 3.573356164878414010e-01 2.791653672314312051e-01 3.603327351694315395e-01 3.542446162785377606e-01 2.620370551921283320e-01 6.334408405446523282e-01 5.390342317428065133e-01
3.789764337515873494e-01 6.417017104778898196e-01 2.892631649324614029e-01 4.538020601095305584e-01 3.780493846185699058e-01 3.756226619826704138e-01 4.159492299982197050e-01 1.000000000000000000e+00 4.957981404979789897e-01 5.152796024169578049e-01 4.469252785131125338e-01 5.567102966370913730e-01 4.812085695183844214e-01 1.956473183184621878e-01 3.929152115823958402e-01 3.824472247664316149e-01 2.795936463330940813e-01 4.384101313906592079e-01 4.806053455134428054e-01
2.023147001094385833e-01 3.687650920546932665e-01 7.466410997457324783e-02 1.476231182156376720e-01 1.848623087944551158e-01 2.636443168008865690e-01 2.439498151791918146e-01 4.957981404979789897e-01 9.999999999999998890e-01 2.592390150035324137e-01 2.387512370109503013e-01 2.393268945020453065e-01 3.537908143139321671e-01 8.822529974716930568e-02 1.922417561427247623e-01 2.300032783930456293e-01 1.377726974531890136e-01 2.334481524139305486e-01 2.382092861723593968e-01
5.415390748137847154e-01 6.776949959247184907e-01 1.941779217664096613e-01 5.072700605535149787e-01 3.829182514627350598e-01 5.923880950208693097e-01 5.223889585158444371e-01 5.152796024169578049e-01 2.592390150035324137e-01 9.999999999999998890e-01 4.182917991172745986e-01 4.630553055144259189e-01 3.900838138672509392e-01 2.441020201693384073e-01 4.465489965448463106e-01 5.077436963561423600e-01 4.587178645354583195e-01 5.158832027448984059e-01 6.738482617208338965e-01
2.960328883352302820e-01 4.554103095856820715e-01 2.449556944137371850e-01 3.009955334938526628e-01 4.237371461181432819e-01 2.809112023637724831e-01 4.968659071072163980e-01 4.469252785131125338e-01 2.387512370109503013e-01 4.182917991172745986e-01 1.000000000000000000e+00 4.879229013956798977e-01 5.851932336213713226e-01 2.539505792876484147e-01 3.529300128184814644e-01 3.293581036601168077e-01 2.231227487587561231e-01 5.657400874586496764e-01 5.254621266244515754e-01
3.681433933996868246e-01 5.603763310891448635e-01 2.357722142922507591e-01 3.728293930898741726e-01 4.298030053075982959e-01 3.326662387959531397e-01 5.474485774032148422e-01 5.567102966370913730e-01 2.393268945020453065e-01 4.630553055144259189e-01 4.879229013956798977e-01 9.999999999999998890e-01 4.406337859950789637e-01 2.300521890503924860e-01 3.930880594839594733e-01 4.217471632438719031e-01 2.713671286349196299e-01 5.636836718013595871e-01 5.141776935901589685e-01
3.628338809298399803e-01 4.643238962108270362e-01 1.639726031595492017e-01 3.256268836960830582e-01 3.465269041333690070e-01 2.656648621699805313e-01 3.573356164878414010e-01 4.812085695183844214e-01 3.537908143139321671e-01 3.900838138672509392e-01 5.851932336213713226e-01 4.406337859950789637e-01 9.999999999999997780e-01 1.855120901684834678e-01 3.691391250391074519e-01 2.670579334035567132e-01 2.143089679531284542e-01 4.387626878570975442e-01 4.332526176774917914e-01
1.706277398439871029e-01 3.041455709113665140e-01 1.144849296356943852e-01 2.048478272226165187e-01 2.523466967710117359e-01 1.368032578062529925e-01 2.791653672314312051e-01 1.956473183184621878e-01 8.822529974716930568e-02 2.441020201693384073e-01 2.539505792876484147e-01 2.300521890503924860e-01 1.855120901684834678e-01 1.000000000000000000e+00 2.655143476982458894e-01 1.989756654631709420e-01 1.390199538481272645e-01 3.225451057223443496e-01 3.725238686713994718e-01
3.836367721200735770e-01 5.449533797452315032e-01 1.501937432854677512e-01 3.781949710759201499e-01 3.048971545120515714e-01 4.634036263568270253e-01 3.603327351694315395e-01 3.929152115823958402e-01 1.922417561427247623e-01 4.465489965448463106e-01 3.529300128184814644e-01 3.930880594839594733e-01 3.691391250391074519e-01 2.655143476982458894e-01 1.000000000000000000e+00 2.989559499954581034e-01 2.641694911418622227e-01 3.677189454647168954e-01 4.977337330821859918e-01
4.320520819761952680e-01 5.298035147993022109e-01 1.724980356047369212e-01 3.875334776538089110e-01 2.890123061959271600e-01 5.453286818105955724e-01 3.542446162785377606e-01 3.824472247664316149e-01 2.300032783930456293e-01 5.077436963561423600e-01 3.293581036601168077e-01 4.217471632438719031e-01 2.670579334035567132e-01 1.989756654631709420e-01 2.989559499954581034e-01 1.000000000000000000e+00 2.422995145795063254e-01 3.810158067928202108e-01 4.231616708707792718e-01
3.496799345032189366e-01 4.480845249734167202e-01 1.203982296042287320e-01 2.369043023099648981e-01 3.051506388635861766e-01 3.102282447812935162e-01 2.620370551921283320e-01 2.795936463330940813e-01 1.377726974531890136e-01 4.587178645354583195e-01 2.231227487587561231e-01 2.713671286349196299e-01 2.143089679531284542e-01 1.390199538481272645e-01 2.641694911418622227e-01 2.422995145795063254e-01 1.000000000000000000e+00 2.393117686596959170e-01 3.574172304503756004e-01
3.312452987387383696e-01 5.164710581571019254e-01 2.663972679185725445e-01 3.600048310160974263e-01 4.604580592206000134e-01 3.279086468050809167e-01 6.334408405446523282e-01 4.384101313906592079e-01 2.334481524139305486e-01 5.158832027448984059e-01 5.657400874586496764e-01 5.636836718013595871e-01 4.387626878570975442e-01 3.225451057223443496e-01 3.677189454647168954e-01 3.810158067928202108e-01 2.393117686596959170e-01 9.999999999999998890e-01 5.682951965746625422e-01
4.713710680523981456e-01 6.112355139346071775e-01 2.189087081520668943e-01 4.653042657006478122e-01 4.534956096396545178e-01 4.430929520316631010e-01 5.390342317428065133e-01 4.806053455134428054e-01 2.382092861723593968e-01 6.738482617208338965e-01 5.254621266244515754e-01 5.141776935901589685e-01 4.332526176774917914e-01 3.725238686713994718e-01 4.977337330821859918e-01 4.231616708707792718e-01 3.574172304503756004e-01 5.682951965746625422e-01 1.000000000000000222e+00
