1.000000000000000222e+00 4.591220212879756346e-01 8.591981842203771924e-02 2.907301618133275034e-01 1.555950737477493628e-01 3.781756077740114907e-01 9.715344005794589177e-02 3.261835576236681855e-01 2.368242352654383043e-01 3.473883227064009649e-01 1.170826409517872063e-01 2.138250594445997022e-01 1.977875405744024817e-01 1.239653990645485510e-01 2.562917218213751069e-01 2.798198326943472924e-01 3.437413374666102306e-01 2.215240770378634760e-01 2.715981620742478619e-01
4.591220212879756346e-01 1.000000000000000000e+00 1.218253265511457101e-01 3.972363599474044160e-01 2.120050484432736138e-01 4.812702591261616147e-01 1.285437505210468290e-01 5.036395165806338836e-01 2.514317690971066832e-01 4.564607461467513616e-01 1.208388432749603475e-01 3.018412384265506954e-01 2.492763378358938686e-01 1.377571162819204442e-01 3.612655094333117045e-01 3.763268886852932926e-01 4.262948688274150189e-01 2.106434306365868592e-01 3.389483479169857483e-01
8.591981842203771924e-02 1.218253265511457101e-01 1.000000000000000222e+00 1.262935294189737601e-01 2.704568509912369523e-01 8.982058227620025315e-02 1.388135552083417101e-01 1.583537924393284835e-01 1.211119581073562268e-01 9.616552599100225418e-02 1.459459566961275601e-01 1.783560319212246503e-01 1.402211352531113620e-01 1.029380522537278603e-01 1.679556443412106304e-01 9.076001206679536193e-02 8.715450956275197503e-02 2.240855428983354880e-01 1.151679991772458223e-01
2.907301618133275034e-01 3.972363599474044160e-01 1.262935294189737601e-01 1.000000000000000000e+00 1.584779759631411433e-01 3.260406912793941125e-01 9.208075808522896144e-02 3.687885496205590696e-01 2.066193424998567785e-01 2.891452121966615052e-01 1.277821318556518204e-01 2.600673750124027905e-01 2.111119682688668842e-01 1.425197152854246196e-01 2.879656370146195243e-01 2.944573101675665439e-01 2.494306499633413277e-01 1.248041584504108181e-01 2.302832769275750535e-01
1.555950737477493628e-01 2.120050484432736138e-01 2.704568509912369523e-01 1.584779759631411433e-01 1.000000000000000222e+00 1.832846893470011229e-01 2.274903034417350700e-01 2.415983056504044102e-01 2.049444701155999637e-01 1.506659671980903337e-01 2.438359091272558898e-01 3.136161337313225217e-01 2.456399480577484140e-01 1.323358950741969353e-01 2.483593068532604919e-01 1.211849992500568934e-01 1.356132199829774287e-01 4.220651701585517723e-01 1.594590127317087880e-01
3.781756077740114907e-01 4.812702591261616147e-01 8.982058227620025315e-02 3.260406912793941125e-01 1.832846893470011229e-01 1.000000000000000000e+00 1.109748830014023607e-01 5.534906130631561672e-01 2.270006682164043554e-01 5.572021032602481050e-01 1.540984746305539832e-01 2.500340057406792438e-01 1.821486489599622449e-01 1.267113644535212136e-01 3.046249358164429544e-01 4.494301693972377332e-01 5.203539003416063347e-01 1.351592353285165360e-01 3.111746261270802449e-01
9.715344005794589177e-02 1.285437505210468290e-01 1.388135552083417101e-01 9.208075808522896144e-02 2.274903034417350700e-01 1.109748830014023607e-01 1.000000000000000000e+00 1.446293980494448850e-01 1.233639442858003449e-01 1.143906281140987941e-01 1.355265361676016855e-01 1.538080042740052611e-01 1.512896613645240973e-01 1.050915298727913838e-01 1.563282893036090637e-01 9.389513688973268046e-02 8.352120530215684235e-02 3.716837402825787784e-01 9.825589334061370084e-02
3.261835576236681855e-01 5.036395165806338836e-01 1.583537924393284835e-01 3.687885496205590696e-01 2.415983056504044102e-01 5.534906130631561672e-01 1.446293980494448850e-01 1.000000000000000000e+00 3.258148558971045716e-01 5.236836176264063614e-01 1.720904295911358795e-01 3.359193992252736960e-01 2.770679871219390300e-01 1.363430917479398485e-01 3.597123093898931812e-01 4.114782280435547168e-01 4.547242907498716402e-01 2.006306540306076747e-01 3.392789548694147284e-01
2.368242352654383043e-01 2.514317690971066832e-01 1.211119581073562268e-01 2.066193424998567785e-01 2.049444701155999637e-01 2.270006682164043554e-01 1.233639442858003449e-01 3.258148558971045716e-01 1.000000000000000222e+00 1.419810686674072564e-01 1.936463229703466737e-01 2.903524970181812215e-01 2.573095083810060801e-01 1.691002168839031428e-01 2.890877446148277241e-01 1.886935012943368184e-01 1.760703428420876404e-01 1.484717484115082309e-01 1.348547806388626091e-01
3.473883227064009649e-01 4.564607461467513616e-01 9.616552599100225418e-02 2.891452121966615052e-01 1.506659671980903337e-01 5.572021032602481050e-01 1.143906281140987941e-01 5.236836176264063614e-01 1.419810686674072564e-01 1.000000000000000222e+00 1.113233182174100805e-01 1.740071417099725015e-01 1.629940564025144922e-01 1.093276978686358175e-01 2.212862666494032626e-01 3.933873620426131534e-01 6.129236986412195387e-01 1.357045658309553871e-01 4.242042490419003498e-01
1.170826409517872063e-01 1.208388432749603475e-01 1.459459566961275601e-01 1.277821318556518204e-01 2.438359091272558898e-01 1.540984746305539832e-01 1.355265361676016855e-01 1.720904295911358795e-01 1.936463229703466737e-01 1.113233182174100805e-01 1.000000000000000000e+00 2.395874575370919024e-01 1.925102424836744319e-01 1.376125983704352407e-01 1.960454609771076773e-01 1.057453123565465641e-01 1.264704271713966710e-01 2.194615727132860350e-01 1.533850458810809003e-01
2.138250594445997022e-01 3.018412384265506954e-01 1.783560319212246503e-01 2.600673750124027905e-01 3.136161337313225217e-01 2.500340057406792438e-01 1.538080042740052611e-01 3.359193992252736960e-01 2.903524970181812215e-01 1.740071417099725015e-01 2.395874575370919024e-01 1.000000000000000000e+00 3.190025972430016177e-01 2.004565763030546899e-01 4.189536375509612109e-01 1.993101094362829950e-01 2.089206522920969700e-01 2.407048543654368988e-01 1.376795118669889018e-01
1.977875405744024817e-01 2.492763378358938686e-01 1.402211352531113620e-01 2.111119682688668842e-01 2.456399480577484140e-01 1.821486489599622449e-01 1.512896613645240973e-01 2.770679871219390300e-01 2.573095083810060801e-01 1.629940564025144922e-01 1.925102424836744319e-01 3.190025972430016177e-01 1.000000000000000000e+00 1.335225242964098447e-01 2.815544438779017944e-01 1.791009023066276462e-01 1.650325695566381701e-01 1.888177477379551217e-01 1.551250373570331464e-01
1.239653990645485510e-01 1.377571162819204442e-01 1.029380522537278603e-01 1.425197152854246196e-01 1.323358950741969353e-01 1.267113644535212136e-01 1.050915298727913838e-01 1.363430917479398485e-01 1.691002168839031428e-01 1.093276978686358175e-01 1.376125983704352407e-01 2.004565763030546899e-01 1.335225242964098447e-01 1.000000000000000222e+00 2.352880900136348208e-01 1.182966432791751205e-01 1.249044225291588706e-01 1.374312035117676856e-01 1.178638774371256193e-01
2.562917218213751069e-01 3.612655094333117045e-01 1.679556443412106304e-01 2.879656370146195243e-01 2.483593068532604919e-01 3.046249358164429544e-01 1.563282893036090637e-01 3.597123093898931812e-01 2.890877446148277241e-01 2.212862666494032626e-01 1.960454609771076773e-01 4.189536375509612109e-01 2.815544438779017944e-01 2.352880900136348208e-01 1.000000000000000000e+00 2.629339161371752609e-01 2.237567506304248000e-01 2.002273410776111151e-01 2.937412866514538257e-01
2.798198326943472924e-01 3.763268886852932926e-01 9.076001206679536193e-02 2.944573101675665439e-01 1.211849992500568934e-01 4.494301693972377332e-01 9.389513688973268046e-02 4.114782280435547168e-01 1.886935012943368184e-01 3.933873620426131534e-01 1.057453123565465641e-01 1.993101094362829950e-01 1.791009023066276462e-01 1.182966432791751205e-01 2.629339161371752609e-01 1.000000000000000222e+00 3.563345303851891965e-01 1.093786803699628163e-01 2.817836518656242073e-01
3.437413374666102306e-01 4.262948688274150189e-01 8.715450956275197503e-02 2.494306499633413277e-01 1.356132199829774287e-01 5.203539003416063347e-01 8.352120530215684235e-02 4.547242907498716402e-01 1.760703428420876404e-01 6.129236986412195387e-01 1.264704271713966710e-01 2.089206522920969700e-01 1.650325695566381701e-01 1.249044225291588706e-01 2.237567506304248000e-01 3.563345303851891965e-01 1.000000000000000000e+00 1.068545342628780814e-01 3.451301925044787389e-01
2.215240770378634760e-01 2.106434306365868592e-01 2.240855428983354880e-01 1.248041584504108181e-01 4.220651701585517723e-01 1.351592353285165360e-01 3.716837402825787784e-01 2.006306540306076747e-01 1.484717484115082309e-01 1.357045658309553871e-01 2.194615727132860350e-01 2.407048543654368988e-01 1.888177477379551217e-01 1.374312035117676856e-01 2.002273410776111151e-01 1.093786803699628163e-01 1.068545342628780814e-01 1.000000000000000000e+00 1.462408247582314136e-01
2.715981620742478619e-01 3.389483479169857483e-01 1.151679991772458223e-01 2.302832769275750535e-01 1.594590127317087880e-01 3.111746261270802449e-01 9.825589334061370084e-02 3.392789548694147284e-01 1.348547806388626091e-01 4.242042490419003498e-01 1.533850458810809003e-01 1.376795118669889018e-01 1.551250373570331464e-01 1.178638774371256193e-01 2.937412866514538257e-01 2.817836518656242073e-01 3.451301925044787389e-01 1.462408247582314136e-01 1.000000000000000000e+00
